104	E	1	210300	1	104	10	00000000000	1		0000				104年愛滋防治替代治療補助計畫(李綜合醫療社團法人苑裡李綜合醫院業務費補助)$120000	2558.00
104	E	1	211400	2	104	10	71570050200	1	03	0400				104年愛滋防治替代治療補助計畫(李綜合醫療社團法人苑裡李綜合醫院業務費補助)$120000	2558.00
104	E	2	211400	2	104	10	71570050200	1	02	0200				104年傳染病防治計畫-登革熱等病媒傳染病防治計畫-高雄市政府衛生局$2759130	3302.00
104	E	2	211400	2	104	10	71570050200	1	03	0200				104年傳染病防治計畫-愛滋病及性病防治-高雄市政府衛生局$1750000	127376.00
104	E	2	210300	1	104	10	00000000000	1		0000				104年傳染病防治計畫-愛滋病及性病防治-高雄市政府衛生局$1750000	130678.00
104	E	4	211400	2	104	10	71570050200	1	03	0400				104年度「愛滋病個案管理計畫」財團法人台灣基督長老教會馬偕紀念醫院-第1期業務費$30000	23503.00
104	E	4	213000	1	104	10	71570050200	1	03	043702				104年度「愛滋病個案管理計畫」財團法人台灣基督長老教會馬偕紀念醫院-第1期業務費$30000	23503.00
104	E	6	213000	1	104	10	52570050400	1	03	027101				厭氧及結核分枝桿菌培養基乙批(501-73/701-195~198/405)(HZ104011)(104/5/6決標$779000之$521000)全案第8次款$52000分實付$51908	51908.00
104	E	6	210300	2	104	10	00000000000	1		0000				厭氧及結核分枝桿菌培養基乙批(501-73/701-195~198/405)(HZ104011)(104/5/6決標$779000之$521000)全案第8次款$52000分實付$51908	51908.00
104	E	7	210300	2	104	10	00000000000	1		0000				厭氧及結核分枝桿菌培養基乙批(501-73/701-195~198/405)(HZ104011)(104/5/6決標$779000之$521000)全案第8次款$52000分逾期罰款$9	92.00
104	E	7	213000	1	104	10	52570050400	1	03	027101				厭氧及結核分枝桿菌培養基乙批(501-73/701-195~198/405)(HZ104011)(104/5/6決標$779000之$521000)全案第8次款$52000分逾期罰款$9	92.00
